9 0.11953125 0.171875 0.05625 0.02734375
61 0.35 0.2609375 0.059375 0.03671875
95 0.4953125 0.34921875 0.0703125 0.02734375
27 0.19765625 0.16796875 0.0421875 0.03125
45 0.28125 0.16171875 0.065625 0.02890625
63 0.34921875 0.1703125 0.04921875 0.0171875
80 0.41875 0.16171875 0.04453125 0.03515625
99 0.49921875 0.171875 0.04765625 0.01796875
8 0.12265625 0.21484375 0.04296875 0.015625
26 0.1984375 0.21484375 0.03828125 0.021875
44 0.2765625 0.215625 0.04140625 0.01328125
62 0.3515625 0.215625 0.04375 0.021875
79 0.425 0.21484375 0.04453125 0.02890625
98 0.5 0.21875 0.0421875 0.01640625
7 0.1359375 0.2640625 0.05234375 0.03125
25 0.20390625 0.259375 0.03828125 0.01484375
43 0.27265625 0.2609375 0.05078125 0.025
78 0.42734375 0.26015625 0.028125 0.0375
6 0.13828125 0.30078125 0.05078125 0.0328125
24 0.21015625 0.30390625 0.04921875 0.02109375
42 0.28671875 0.30390625 0.03515625 0.015625
60 0.35546875 0.303125 0.04765625 0.0265625
77 0.42734375 0.30390625 0.0390625 0.0109375
96 0.4984375 0.29765625 0.04140625 0.0265625
5 0.14609375 0.34375 0.03515625 0.021875
23 0.2171875 0.3453125 0.05390625 0.01796875
41 0.28359375 0.34375 0.046875 0.025
59 0.36015625 0.34296875 0.05859375 0.03515625
76 0.4328125 0.346875 0.04140625 0.01796875
4 0.1515625 0.38359375 0.0296875 0.01796875
22 0.215625 0.384375 0.0453125 0.0234375
40 0.28984375 0.3828125 0.0390625 0.01875
58 0.35078125 0.384375 0.06328125 0.01171875
75 0.4296875 0.3828125 0.0234375 0.02265625
94 0.49921875 0.3828125 0.0296875 0.01796875
3 0.15625 0.4265625 0.0453125 0.021875
21 0.225 0.428125 0.05 0.01640625
39 0.29453125 0.42421875 0.046875 0.02421875
57 0.3671875 0.4265625 0.0375 0.01875
74 0.43125 0.4265625 0.0625 0.021875
93 0.496875 0.42734375 0.0390625 0.01875
2 0.1703125 0.4546875 0.05 0.0265625
20 0.23125 0.46171875 0.0265625 0.0140625
38 0.29765625 0.4625 0.0375 0.01171875
56 0.3671875 0.46171875 0.05390625 0.028125
73 0.43046875 0.46328125 0.034375 0.01328125
92 0.49921875 0.459375 0.03359375 0.01640625
1 0.16875 0.4984375 0.03359375 0.01640625
19 0.23125 0.4953125 0.03125 0.0203125
37 0.30625 0.49375 0.0484375 0.028125
17 0.1671875 0.53203125 0.03828125 0.01640625
35 0.234375 0.52890625 0.05859375 0.0265625
53 0.309375 0.53203125 0.04140625 0.01484375
71 0.371875 0.52890625 0.03046875 0.01796875
16 0.18125 0.5640625 0.03984375 0.01796875
34 0.240625 0.56484375 0.03671875 0.01640625
52 0.30859375 0.5625 0.0453125 0.021875
70 0.37421875 0.5625 0.04765625 0.0125
87 0.4359375 0.56328125 0.03046875 0.01640625
106 0.49765625 0.5609375 0.065625 0.021875
122 0.55703125 0.56328125 0.03515625 0.0171875
15 0.1828125 0.59765625 0.01953125 0.02109375
33 0.246875 0.59765625 0.02734375 0.01328125
51 0.30625 0.59609375 0.0515625 0.021875
69 0.371875 0.596875 0.05234375 0.0265625
86 0.4296875 0.59609375 0.040625 0.0140625
105 0.4953125 0.59296875 0.0296875 0.01640625
121 0.5625 0.59375 0.05625 0.02578125
14 0.1859375 0.63203125 0.0375 0.01328125
32 0.2515625 0.63359375 0.0484375 0.015625
50 0.309375 0.63203125 0.0390625 0.02109375
68 0.37265625 0.6296875 0.0421875 0.021875
85 0.43671875 0.63203125 0.03984375 0.0203125
104 0.49609375 0.63125 0.0390625 0.021875
120 0.5609375 0.6296875 0.0359375 0.01796875
136 0.6140625 0.66171875 0.05859375 0.0234375
119 0.55859375 0.66015625 0.05234375 0.01953125
103 0.5 0.6625 0.03125 0.0171875
84 0.4375 0.66015625 0.03828125 0.0125
67 0.378125 0.66171875 0.05625 0.02578125
49 0.3125 0.66171875 0.0265625 0.0203125
31 0.25390625 0.66171875 0.0359375 0.01953125
13 0.18984375 0.6640625 0.0375 0.0203125
12 0.19609375 0.69296875 0.04296875 0.02109375
30 0.25390625 0.69453125 0.040625 0.01328125
48 0.3140625 0.690625 0.04921875 0.0234375
66 0.375 0.68984375 0.034375 0.01640625
83 0.44296875 0.69453125 0.0453125 0.025
102 0.4953125 0.69453125 0.03515625 0.01875
118 0.5546875 0.6890625 0.03984375 0.02109375
135 0.62109375 0.69140625 0.03984375 0.0203125
11 0.19921875 0.72265625 0.0421875 0.0203125
29 0.25859375 0.72578125 0.03671875 0.01875
47 0.31953125 0.7203125 0.0328125 0.02265625
65 0.37890625 0.72109375 0.025 0.01484375
82 0.43671875 0.7203125 0.03125 0.0171875
101 0.49609375 0.7203125 0.03828125 0.0171875
117 0.56015625 0.721875 0.04140625 0.0234375
134 0.6171875 0.7203125 0.02109375 0.01328125
10 0.19453125 0.74921875 0.03828125 0.01875
0 0.2015625 0.78125 0.04453125 0.0171875
28 0.259375 0.75078125 0.03671875 0.015625
18 0.2625 0.77890625 0.0296875 0.0140625
46 0.31875 0.753125 0.0390625 0.01796875
36 0.32265625 0.778125 0.0234375 0.009375
64 0.3796875 0.74921875 0.03203125 0.015625
54 0.38046875 0.7796875 0.053125 0.0171875
81 0.43984375 0.7515625 0.0265625 0.0140625
72 0.4375 0.77734375 0.02578125 0.01171875
100 0.49921875 0.7484375 0.0203125 0.01171875
90 0.49921875 0.77734375 0.03984375 0.0109375
107 0.5546875 0.778125 0.03046875 0.0140625
116 0.55546875 0.7484375 0.02265625 0.01484375
133 0.61875 0.74921875 0.03671875 0.01953125
124 0.6125 0.77734375 0.03046875 0.0109375
89 0.265625 0.803125 0.0203125 0.01171875
89 0.26171875 0.8390625 0.01875 0.0125
89 0.38203125 0.80234375 0.01953125 0.0125
89 0.3796875 0.83828125 0.01953125 0.01171875
89 0.49765625 0.8015625 0.01953125 0.0125
89 0.4984375 0.8375 0.01875 0.01171875
89 0.6140625 0.8015625 0.01796875 0.0109375
89 0.61640625 0.8375 0.0171875 0.01171875
89 0.734375 0.83828125 0.01796875 0.01171875
152 0.6765625 0.72109375 0.0296875 0.015625
151 0.67421875 0.75 0.02578125 0.0125
141 0.6671875 0.77890625 0.0375 0.01484375
159 0.72890625 0.7765625 0.025 0.0171875
177 0.78671875 0.77890625 0.03515625 0.01015625
169 0.73203125 0.75078125 0.04140625 0.0234375
170 0.73828125 0.7203125 0.03046875 0.01796875
189 0.80234375 0.6890625 0.03203125 0.02109375
171 0.746875 0.69375 0.0359375 0.01796875
153 0.68203125 0.690625 0.05546875 0.02734375
172 0.74296875 0.6625 0.040625 0.01328125
190 0.80859375 0.659375 0.04296875 0.028125
154 0.67890625 0.66171875 0.03046875 0.015625
137 0.6203125 0.6296875 0.03046875 0.0234375
115 0.57890625 0.171875 0.0484375 0.01953125
132 0.65078125 0.1625 0.059375 0.034375
114 0.57734375 0.21796875 0.0484375 0.02578125
113 0.5734375 0.26171875 0.04296875 0.0265625
111 0.5640625 0.34296875 0.0328125 0.02265625
110 0.5671875 0.38359375 0.03515625 0.0203125
109 0.56640625 0.425 0.0484375 0.01953125
108 0.5640625 0.4609375 0.04296875 0.0109375
168 0.80390625 0.1703125 0.04765625 0.01484375
186 0.8796875 0.17265625 0.0515625 0.01796875
167 0.8 0.21328125 0.05234375 0.0390625
185 0.8734375 0.21640625 0.04921875 0.015625
184 0.8625 0.25703125 0.04609375 0.0296875
183 0.8609375 0.3046875 0.03828125 0.01796875
182 0.846875 0.34140625 0.03828125 0.0171875
127 0.6390625 0.3828125 0.03671875 0.0140625
181 0.8359375 0.38046875 0.05078125 0.01875
126 0.63671875 0.42421875 0.0359375 0.015625
180 0.83671875 0.42421875 0.03984375 0.0125
179 0.82890625 0.459375 0.034375 0.015625
178 0.83125 0.4953125 0.04140625 0.02578125
176 0.75859375 0.52890625 0.034375 0.01796875
194 0.8171875 0.53046875 0.034375 0.01015625
175 0.7515625 0.56328125 0.0296875 0.00859375
193 0.82109375 0.5625 0.04453125 0.021875
174 0.75078125 0.59296875 0.0390625 0.01875
192 0.8140625 0.5953125 0.040625 0.025
125 0.6296875 0.4625 0.02890625 0.01640625
140 0.62109375 0.5328125 0.06328125 0.0171875
139 0.625 0.56328125 0.02734375 0.01640625
157 0.6890625 0.56328125 0.0375 0.021875
138 0.62265625 0.59453125 0.03671875 0.015625
156 0.68515625 0.596875 0.03671875 0.0125
155 0.68671875 0.628125 0.0515625 0.0265625
173 0.74609375 0.6296875 0.0421875 0.01796875
89 0.73046875 0.8015625 0.01875 0.0125
187 0.79296875 0.74921875 0.04375 0.021875
188 0.7953125 0.721875 0.0359375 0.01328125
191 0.8078125 0.63125 0.02890625 0.01328125