9 0.1125 0.17265625 0.05625 0.02734375
61 0.33984375 0.26171875 0.059375 0.0359375
27 0.190625 0.16875 0.0421875 0.03125
45 0.27578125 0.16328125 0.065625 0.02890625
63 0.3390625 0.17265625 0.04921875 0.0171875
80 0.41015625 0.1640625 0.04453125 0.03515625
99 0.48828125 0.17421875 0.04765625 0.01796875
8 0.115625 0.21484375 0.04296875 0.015625
26 0.1921875 0.215625 0.03828125 0.021875
44 0.2671875 0.215625 0.04140625 0.01328125
62 0.3421875 0.21640625 0.04375 0.021875
79 0.415625 0.21484375 0.04453125 0.02890625
98 0.4890625 0.21953125 0.0421875 0.01640625
7 0.1296875 0.26328125 0.05234375 0.03125
25 0.19609375 0.259375 0.03828125 0.01484375
43 0.26640625 0.26015625 0.05078125 0.025
78 0.4171875 0.26015625 0.028125 0.0375
6 0.1328125 0.2984375 0.05078125 0.0328125
24 0.2015625 0.303125 0.04921875 0.02109375
42 0.278125 0.303125 0.03515625 0.015625
60 0.346875 0.30390625 0.04765625 0.0265625
77 0.415625 0.3046875 0.0390625 0.0109375
5 0.1390625 0.34140625 0.03515625 0.021875
23 0.2109375 0.34296875 0.05390625 0.01796875
41 0.27421875 0.3421875 0.046875 0.025
59 0.3515625 0.34140625 0.05859375 0.03515625
4 0.14453125 0.38125 0.0296875 0.01796875
22 0.2078125 0.38125 0.0453125 0.0234375
40 0.28203125 0.38046875 0.0390625 0.01875
58 0.34140625 0.3828125 0.06328125 0.01171875
75 0.41953125 0.38203125 0.0234375 0.02265625
3 0.146875 0.4234375 0.0453125 0.021875
21 0.2171875 0.425 0.05 0.01640625
39 0.284375 0.421875 0.046875 0.02421875
57 0.35703125 0.42421875 0.0375 0.01875
2 0.16328125 0.45234375 0.05 0.0265625
20 0.22265625 0.459375 0.0265625 0.0140625
38 0.28984375 0.459375 0.0375 0.01171875
1 0.16171875 0.49453125 0.03359375 0.01640625
19 0.22265625 0.49140625 0.03125 0.0203125
17 0.1609375 0.52734375 0.03828125 0.01640625
35 0.22578125 0.52421875 0.05859375 0.0265625
53 0.30078125 0.5265625 0.04140625 0.01484375
88 0.42421875 0.525 0.03828125 0.02109375
16 0.17265625 0.5578125 0.03984375 0.01796875
34 0.2328125 0.55859375 0.03671875 0.01640625
52 0.3 0.55703125 0.0453125 0.021875
70 0.3640625 0.5578125 0.04765625 0.0125
87 0.425 0.55859375 0.03046875 0.01640625
122 0.54296875 0.55859375 0.03515625 0.0171875
15 0.17421875 0.5921875 0.01953125 0.02109375
33 0.2390625 0.59296875 0.040625 0.01796875
51 0.2953125 0.59140625 0.0515625 0.021875
69 0.3625 0.590625 0.05234375 0.0265625
86 0.41640625 0.590625 0.040625 0.0140625
121 0.54765625 0.58828125 0.05625 0.02578125
14 0.1765625 0.62578125 0.0375 0.01328125
32 0.24140625 0.62734375 0.0484375 0.015625
50 0.3 0.6265625 0.0390625 0.02109375
68 0.36171875 0.62421875 0.04453125 0.021875
85 0.42421875 0.62421875 0.03984375 0.0203125
104 0.4828125 0.62578125 0.0390625 0.021875
120 0.546875 0.6234375 0.03515625 0.01875
136 0.59921875 0.65625 0.05859375 0.0234375
119 0.54375 0.65390625 0.05234375 0.01953125
103 0.48515625 0.65546875 0.03125 0.0171875
84 0.425 0.653125 0.03828125 0.0125
67 0.3671875 0.65546875 0.05625 0.02578125
49 0.3015625 0.65625 0.0265625 0.0203125
31 0.2453125 0.6546875 0.0359375 0.01953125
13 0.18203125 0.65625 0.0375 0.0203125
12 0.1859375 0.6859375 0.04140625 0.02265625
30 0.24453125 0.68671875 0.040625 0.01328125
48 0.30546875 0.684375 0.04921875 0.0234375
66 0.36484375 0.6828125 0.034375 0.01640625
83 0.4296875 0.68671875 0.0453125 0.025
102 0.48203125 0.6875 0.03515625 0.01875
118 0.53984375 0.68203125 0.03984375 0.02109375
135 0.60546875 0.684375 0.03984375 0.0203125
11 0.190625 0.7140625 0.0421875 0.0203125
29 0.24921875 0.7171875 0.03671875 0.01875
47 0.31015625 0.7125 0.0328125 0.02265625
65 0.365625 0.71328125 0.025 0.01484375
82 0.425 0.7125 0.03125 0.0171875
101 0.48515625 0.7125 0.03828125 0.0171875
134 0.60078125 0.7125 0.021875 0.01484375
10 0.1859375 0.7421875 0.03828125 0.01875
0 0.1921875 0.771875 0.04140625 0.0171875
28 0.25078125 0.74140625 0.03671875 0.015625
18 0.2515625 0.7703125 0.0296875 0.0140625
46 0.3078125 0.74375 0.0390625 0.01796875
36 0.3109375 0.76953125 0.0234375 0.009375
64 0.36875 0.74140625 0.03203125 0.015625
54 0.36953125 0.7703125 0.05078125 0.0171875
81 0.42734375 0.7421875 0.0265625 0.0140625
72 0.4234375 0.76875 0.02578125 0.01171875
100 0.4859375 0.73984375 0.0203125 0.01171875
90 0.48671875 0.7671875 0.03984375 0.0109375
107 0.53984375 0.76796875 0.03046875 0.0140625
116 0.54140625 0.73984375 0.02109375 0.01484375
133 0.60390625 0.740625 0.03671875 0.01953125
124 0.59609375 0.76796875 0.03046875 0.0109375
89 0.25390625 0.7921875 0.0203125 0.01171875
89 0.25078125 0.828125 0.01875 0.0125
89 0.3703125 0.7921875 0.01953125 0.0125
89 0.36796875 0.82734375 0.01953125 0.01171875
89 0.484375 0.7921875 0.01953125 0.0125
89 0.48359375 0.82734375 0.01875 0.01171875
89 0.59765625 0.79140625 0.01796875 0.0109375
89 0.59921875 0.8265625 0.0171875 0.01171875
89 0.7109375 0.79140625 0.01796875 0.01171875
152 0.66015625 0.71328125 0.0296875 0.015625
151 0.65546875 0.74140625 0.02578125 0.0125
141 0.65078125 0.76875 0.0375 0.01484375
159 0.71015625 0.7671875 0.025 0.0171875
177 0.765625 0.76875 0.03515625 0.01015625
169 0.71484375 0.74140625 0.04140625 0.0234375
187 0.77421875 0.73828125 0.04375 0.02109375
170 0.7203125 0.7125 0.03046875 0.01796875
188 0.775 0.7140625 0.03125 0.0125
189 0.7828125 0.6828125 0.03203125 0.02109375
171 0.7265625 0.68671875 0.0359375 0.01796875
153 0.665625 0.6828125 0.05703125 0.0265625
172 0.725 0.6546875 0.040625 0.01328125
190 0.78828125 0.653125 0.04296875 0.028125
154 0.6640625 0.65390625 0.03046875 0.015625
137 0.60546875 0.62421875 0.03046875 0.0234375
115 0.56640625 0.17421875 0.0484375 0.01953125
132 0.640625 0.16484375 0.059375 0.034375
114 0.56484375 0.21953125 0.0484375 0.02578125
113 0.559375 0.26015625 0.04296875 0.0265625
150 0.7125 0.171875 0.05234375 0.03046875
168 0.78671875 0.175 0.04375 0.01328125
186 0.8625 0.1765625 0.0546875 0.0171875
131 0.6453125 0.2203125 0.06640625 0.01484375
149 0.71015625 0.2171875 0.05859375 0.0265625
167 0.784375 0.215625 0.05234375 0.0390625
185 0.85625 0.21796875 0.04765625 0.015625
130 0.6328125 0.26328125 0.03671875 0.0234375
148 0.70234375 0.26328125 0.034375 0.021875
166 0.77421875 0.26484375 0.0515625 0.02421875
184 0.84453125 0.25859375 0.0453125 0.02890625
129 0.63125 0.30390625 0.06171875 0.03125
147 0.6984375 0.30546875 0.03203125 0.01015625
165 0.784375 0.3 0.05390625 0.02890625
183 0.84296875 0.3046875 0.03828125 0.01796875
128 0.6265625 0.3484375 0.05390625 0.0234375
146 0.696875 0.34296875 0.034375 0.0203125
164 0.7578125 0.34375 0.04375 0.01328125
182 0.82890625 0.3421875 0.03828125 0.0171875
127 0.62578125 0.38203125 0.03671875 0.0140625
145 0.68984375 0.384375 0.059375 0.0140625
163 0.75703125 0.38125 0.04375 0.02890625
181 0.81796875 0.38046875 0.05078125 0.01875
126 0.62109375 0.42265625 0.0359375 0.015625
144 0.6859375 0.42265625 0.034375 0.0203125
162 0.7515625 0.4234375 0.01953125 0.021875
180 0.81875 0.42265625 0.0375 0.0125
143 0.68359375 0.45859375 0.053125 0.0171875
161 0.74609375 0.45703125 0.04609375 0.021875
179 0.81015625 0.4578125 0.034375 0.015625
178 0.81328125 0.49140625 0.04140625 0.02578125
176 0.73984375 0.52421875 0.034375 0.01796875
194 0.7984375 0.528125 0.034375 0.01015625
175 0.73203125 0.559375 0.0296875 0.00859375
193 0.80078125 0.55859375 0.04453125 0.021875
174 0.73359375 0.5875 0.0390625 0.01875
192 0.79609375 0.58984375 0.040625 0.025
191 0.7875 0.6234375 0.0328125 0.01328125
89 0.71484375 0.8265625 0.01953125 0.0125
125 0.615625 0.46015625 0.02890625 0.01640625
140 0.60390625 0.528125 0.06328125 0.01875
158 0.6734375 0.528125 0.04296875 0.0140625
139 0.6109375 0.559375 0.02734375 0.01640625
157 0.6734375 0.559375 0.03671875 0.021875
138 0.6078125 0.5890625 0.03828125 0.01640625
156 0.66875 0.59140625 0.03671875 0.0125
155 0.6703125 0.62265625 0.0515625 0.0265625
173 0.72890625 0.6234375 0.0421875 0.01796875
117 0.54765625 0.71328125 0.04296875 0.0234375