9 0.1046875 0.17265625 0.05625 0.02734375
61 0.33671875 0.2625 0.059375 0.03671875
95 0.47734375 0.35 0.0703125 0.02734375
27 0.18515625 0.16796875 0.0421875 0.03125
45 0.26875 0.16328125 0.065625 0.02890625
63 0.33515625 0.17265625 0.04921875 0.0171875
80 0.40703125 0.1640625 0.04453125 0.03515625
99 0.48359375 0.175 0.04765625 0.01796875
8 0.109375 0.2140625 0.04296875 0.015625
26 0.184375 0.215625 0.03828125 0.021875
44 0.2609375 0.21640625 0.04140625 0.01328125
62 0.3359375 0.21640625 0.04375 0.021875
79 0.409375 0.21640625 0.04453125 0.02890625
98 0.4828125 0.2203125 0.0421875 0.01640625
7 0.12109375 0.26328125 0.05234375 0.03125
25 0.18828125 0.259375 0.03828125 0.01484375
43 0.25859375 0.2609375 0.05078125 0.025
78 0.41015625 0.26015625 0.028125 0.0375
97 0.48125 0.26015625 0.04140625 0.02890625
6 0.125 0.3 0.05078125 0.0328125
24 0.19453125 0.30390625 0.04921875 0.02109375
42 0.2703125 0.30390625 0.03515625 0.015625
60 0.3390625 0.30390625 0.04765625 0.0265625
77 0.41015625 0.3046875 0.0390625 0.0109375
96 0.48125 0.2984375 0.04140625 0.0265625
5 0.13125 0.34140625 0.03515625 0.021875
23 0.2015625 0.34296875 0.05390625 0.01796875
41 0.26640625 0.34296875 0.046875 0.025
59 0.34296875 0.3421875 0.05859375 0.03515625
76 0.4140625 0.34609375 0.04140625 0.01796875
4 0.13671875 0.38203125 0.0296875 0.01796875
22 0.1984375 0.38203125 0.0453125 0.0234375
40 0.275 0.38046875 0.0390625 0.01875
58 0.3328125 0.3828125 0.06328125 0.01171875
75 0.41171875 0.38203125 0.0234375 0.02265625
94 0.478125 0.38203125 0.0296875 0.01796875
3 0.1390625 0.4234375 0.0453125 0.021875
21 0.2078125 0.425 0.05 0.01640625
39 0.2765625 0.42265625 0.046875 0.02421875
57 0.34921875 0.42421875 0.0375 0.01875
74 0.4125 0.42578125 0.0625 0.021875
93 0.4765625 0.4265625 0.0390625 0.01875
2 0.153125 0.45234375 0.05 0.0265625
20 0.21328125 0.459375 0.0265625 0.0140625
38 0.28046875 0.46015625 0.0375 0.01171875
56 0.346875 0.459375 0.05390625 0.028125
73 0.4109375 0.4609375 0.034375 0.01328125
92 0.4796875 0.45859375 0.03359375 0.01640625
1 0.1515625 0.4953125 0.03359375 0.01640625
19 0.21484375 0.49140625 0.03125 0.0203125
37 0.28828125 0.490625 0.0484375 0.028125
17 0.15 0.528125 0.03828125 0.01640625
35 0.21640625 0.52421875 0.05859375 0.0265625
53 0.290625 0.52734375 0.04140625 0.01484375
71 0.353125 0.52578125 0.03046875 0.01796875
88 0.41328125 0.525 0.03828125 0.02109375
16 0.1625 0.559375 0.03984375 0.01796875
34 0.221875 0.559375 0.03671875 0.01640625
52 0.2890625 0.55859375 0.0453125 0.021875
70 0.35390625 0.55859375 0.04765625 0.0125
87 0.415625 0.559375 0.03046875 0.01640625
15 0.1640625 0.5921875 0.01953125 0.02109375
33 0.225 0.59296875 0.040625 0.01796875
51 0.28671875 0.59140625 0.0515625 0.021875
69 0.35234375 0.59140625 0.05234375 0.0265625
86 0.40859375 0.5921875 0.040625 0.0140625
14 0.16640625 0.6265625 0.0375 0.01328125
32 0.23203125 0.628125 0.0484375 0.015625
50 0.2890625 0.62734375 0.0390625 0.02109375
68 0.3515625 0.625 0.04453125 0.021875
85 0.4140625 0.6265625 0.03984375 0.0203125
120 0.53671875 0.62421875 0.03515625 0.01875
136 0.5890625 0.65625 0.05859375 0.0234375
119 0.53359375 0.6546875 0.05234375 0.01953125
103 0.47578125 0.65703125 0.03125 0.0171875
49 0.29296875 0.65625 0.0265625 0.0203125
31 0.2328125 0.65546875 0.0359375 0.01953125
13 0.17109375 0.6578125 0.0375 0.0203125
12 0.17578125 0.68671875 0.04140625 0.02265625
30 0.23359375 0.68828125 0.040625 0.01328125
48 0.2921875 0.68515625 0.04921875 0.0234375
66 0.353125 0.68359375 0.034375 0.01640625
83 0.41875 0.6890625 0.0453125 0.025
102 0.4734375 0.68828125 0.03515625 0.01875
118 0.53046875 0.6828125 0.03984375 0.02109375
135 0.5953125 0.6859375 0.03984375 0.0203125
11 0.178125 0.715625 0.0421875 0.0203125
29 0.23671875 0.71875 0.03671875 0.01875
47 0.2984375 0.71328125 0.0328125 0.02265625
65 0.35546875 0.71484375 0.025 0.01484375
82 0.4125 0.7140625 0.03125 0.0171875
101 0.47265625 0.71484375 0.03828125 0.0171875
117 0.53515625 0.71484375 0.04140625 0.0234375
134 0.58984375 0.71328125 0.021875 0.01484375
10 0.17421875 0.7421875 0.03828125 0.01875
0 0.18046875 0.7734375 0.04140625 0.0171875
28 0.2375 0.74296875 0.03671875 0.015625
18 0.2390625 0.77109375 0.0296875 0.0140625
46 0.29609375 0.74453125 0.0390625 0.01796875
36 0.3 0.77109375 0.0234375 0.009375
64 0.35625 0.7421875 0.03203125 0.015625
54 0.3578125 0.77109375 0.05078125 0.0171875
81 0.41484375 0.74375 0.0265625 0.0140625
72 0.41328125 0.7703125 0.02578125 0.01171875
100 0.47421875 0.74140625 0.0203125 0.01171875
90 0.475 0.76953125 0.03984375 0.0109375
107 0.52890625 0.7703125 0.03046875 0.0140625
116 0.53046875 0.74140625 0.02109375 0.01484375
133 0.5921875 0.7421875 0.03671875 0.01953125
124 0.58515625 0.7703125 0.03046875 0.0109375
89 0.2421875 0.79453125 0.0203125 0.01171875
89 0.2390625 0.8296875 0.01875 0.0125
89 0.35859375 0.79375 0.01953125 0.0125
89 0.35625 0.82890625 0.01953125 0.01171875
89 0.47265625 0.79375 0.01953125 0.0125
89 0.47265625 0.82890625 0.01875 0.01171875
89 0.58671875 0.79375 0.01796875 0.0109375
89 0.5875 0.828125 0.0171875 0.01171875
89 0.7 0.79375 0.01796875 0.01171875
152 0.64921875 0.71484375 0.0296875 0.015625
151 0.64609375 0.74296875 0.02578125 0.0125
141 0.63984375 0.77109375 0.0375 0.01484375
159 0.7 0.76953125 0.025 0.0171875
177 0.7546875 0.77109375 0.03515625 0.01015625
169 0.70390625 0.74375 0.04140625 0.0234375
187 0.76328125 0.74140625 0.04375 0.02109375
170 0.709375 0.7140625 0.03046875 0.01796875
188 0.7640625 0.715625 0.03125 0.0125
189 0.771875 0.684375 0.03203125 0.02109375
171 0.7171875 0.68828125 0.0359375 0.01796875
153 0.6578125 0.68984375 0.04921875 0.0171875
154 0.653125 0.65546875 0.03046875 0.015625
137 0.59765625 0.62578125 0.03046875 0.0234375
115 0.56015625 0.17578125 0.0484375 0.01953125
132 0.6328125 0.1671875 0.059375 0.034375
114 0.5578125 0.2203125 0.0484375 0.02578125
113 0.55390625 0.2640625 0.04296875 0.0265625
112 0.5546875 0.30625 0.03828125 0.0265625
111 0.54375 0.34296875 0.0328125 0.02265625
110 0.54765625 0.384375 0.03515625 0.0203125
150 0.70703125 0.1734375 0.05234375 0.03046875
168 0.78046875 0.1765625 0.04375 0.01328125
186 0.85546875 0.17890625 0.0546875 0.0171875
131 0.63984375 0.221875 0.06640625 0.01484375
149 0.7046875 0.2203125 0.05859375 0.0265625
167 0.778125 0.21796875 0.05234375 0.0390625
185 0.84921875 0.221875 0.04765625 0.015625
130 0.62578125 0.26484375 0.03671875 0.0234375
148 0.69609375 0.2640625 0.034375 0.021875
166 0.7671875 0.26875 0.0515625 0.02421875
184 0.83828125 0.2609375 0.0453125 0.02890625
129 0.62578125 0.30546875 0.06171875 0.03125
147 0.68984375 0.30703125 0.03203125 0.01015625
165 0.7765625 0.303125 0.05390625 0.02890625
183 0.8359375 0.30703125 0.03828125 0.01796875
128 0.61875 0.35 0.05390625 0.0234375
164 0.75078125 0.34609375 0.04375 0.01328125
182 0.821875 0.34375 0.03828125 0.0171875
127 0.61875 0.38359375 0.03671875 0.0140625
163 0.74921875 0.38359375 0.04375 0.02890625
181 0.81015625 0.38203125 0.05078125 0.01875
162 0.74296875 0.42578125 0.01953125 0.021875
180 0.8109375 0.425 0.0375 0.0125
161 0.73828125 0.45859375 0.04609375 0.021875
179 0.8015625 0.459375 0.034375 0.015625
160 0.73203125 0.4953125 0.03984375 0.0125
178 0.80390625 0.49453125 0.04140625 0.02578125
176 0.73203125 0.5265625 0.034375 0.01796875
194 0.78984375 0.53046875 0.034375 0.01015625
175 0.7234375 0.5609375 0.0296875 0.00859375
193 0.7921875 0.56015625 0.04453125 0.021875
174 0.7234375 0.58984375 0.0390625 0.01875
192 0.7875 0.5921875 0.040625 0.025
191 0.77890625 0.628125 0.02890625 0.01015625
89 0.703125 0.828125 0.01953125 0.0125
155 0.66015625 0.625 0.0515625 0.0265625